9.34876 - performing combo sequence

9.382 - check target 0.0 [115 115 115 115 115 115 115 115 115]

9.41424 - check skills 0.000496 [4, 6, 7, 9, 11, 12]

9.54348 - check target 0.0 [115 115 115 115 115 115 115 115 115]

9.57877 - check skills 0.000497 [1, 2, 3, 4, 6, 7, 8, 9, 10, 11, 12]

9.70808 - check target 0.0 [115 115 115 115 115 115 115 115 115]

9.74582 - check skills 0.000538 [1, 2, 3, 4, 6, 7, 8, 9, 10, 11, 12]

9.8797 - check target 0.000495 [115 115 115 115 115 115 115 115 115]

9.91343 - check skills 0.0 [1, 2, 3, 4, 6, 7, 8, 9, 10, 12]

9.94616 - check target 0.0 [115 115 115 115 115 115 115 115 115]

9.9784 - check skills 0.0 [1, 2, 3, 4, 6, 7, 8, 9, 10, 12]

10.11036 - check target 0.0 [115 115 115 115 115 115 115 115 115]

10.1431 - check skills 0.000498 [1, 2, 3, 4, 6, 7, 8, 9, 10]

10.17682 - check target 0.0 [115 115 115 115 115 115 115 115 115]

10.21105 - check skills 0.0 [1, 2, 3, 4, 6, 7, 8, 9, 10]

10.34329 - check target 0.0 [115 115 115 115 115 115 115 115 115]

10.37305 - check skills 0.0 [1, 2, 3, 4, 6, 7, 8, 9, 10]

10.51248 - check target 0.0 [115 115 115 115 115 115 115 115 115]

10.54375 - check skills 0.0 [1, 2, 3, 6, 7, 8, 9, 10]

10.57646 - check target 0.0 [115 115 115 115 115 115 115 115 115]

10.6097 - check skills 0.0 [1, 2, 3, 6, 7, 8, 9, 10]

10.74563 - check target 0.0 [115 115 115 115 115 115 115 115 115]

10.77933 - check skills 0.0 [1, 2, 3, 6, 7, 8, 9, 10]

10.90888 - check target 0.000496 [115 115 115 115 115 115 115 115 115]

10.9436 - check skills 0.0 [1, 2, 3, 6, 7, 8, 9, 10]

11.07654 - check target 0.0 [115 115 115 115 115 115 115 115 115]

11.11124 - check skills 0.0 [1, 2, 3, 6, 7, 8, 9, 10]

11.24367 - check target 0.0 [115 115 115 115 115 115 115 115 115]

11.28038 - check skills 0.000496 [1, 2, 3, 6, 7, 8, 9]

11.31463 - check target 0.0 [115 115 115 115 115 115 115 115 115]

11.34684 - check skills 0.0 [1, 2, 3, 6, 7, 8, 9]

11.47979 - check target 0.0 [115 115 115 115 115 115 115 115 115]

11.51151 - check skills 0.0 [1, 2, 3, 6, 7, 8, 9]

11.64729 - check target 0.000495 [115 115 115 115 115 115 115 115 115]

11.67559 - check skills 0.0 [1, 2, 3, 7, 8, 9]

11.71227 - check target 0.0 [115 115 115 115 115 115 115 115 115]

11.74451 - check skills 0.0 [1, 2, 3, 7, 8, 9]

11.87807 - check target 0.0 [115 115 115 115 115 115 115 115 115]

11.9093 - check skills 0.0 [1, 2, 3, 7, 8, 9]

12.04357 - check target 0.0 [115 115 115 115 115 115 115 115 115]

12.07531 - check skills 0.000496 [1, 2, 3, 7, 8, 9]

12.21124 - check target 0.0 [115 115 115 115 115 115 115 115 115]

12.24296 - check skills 0.0 [1, 2, 3, 7, 8, 9]

12.37837 - check target 0.0 [115 115 115 115 115 115 115 115 115]

12.41062 - check skills 0.000493 [1, 2, 3, 7, 8, 9]

12.54405 - check target 0.0 [115 115 115 115 115 115 115 115 115]

12.57675 - check skills 0.0 [1, 2, 3, 7, 9]

12.61098 - check target 0.0 [115 115 115 115 115 115 115 115 115]

12.64371 - check skills 0.0 [1, 2, 3, 7, 9]

12.77667 - check target 0.0 [115 115 115 115 115 115 115 115 115]

12.81186 - check skills 0.0 [1, 2, 3, 7, 9]

12.94533 - check target 0.0 [115 115 115 115 115 115 115 115 115]

12.97555 - check skills 0.0 [1, 2, 3, 7, 9]

13.11046 - check target 0.0 [115 115 115 115 115 115 115 115 115]

13.14568 - check skills 0.000495 [1, 2, 3, 7, 9]

13.27832 - check target 0.000495 [115 115 115 115 115 115 115 115 115]

13.30957 - check skills 0.0 [1, 2, 3, 7, 9]

13.4447 - check target 0.000495 [115 115 115 115 115 115 115 115 115]

13.47694 - check skills 0.0 [1, 2, 3, 7]

13.50918 - check target 0.0 [115 115 115 115 115 115 115 115 115]

13.54045 - check skills 0.0 [1, 2, 3, 7]

13.67584 - check target 0.0 [115 115 115 115 115 115 115 115 115]

13.71204 - check skills 0.000496 [1, 2, 3]

13.7428 - check target 0.0 [115 115 115 115 115 115 115 115 115]

13.77905 - check skills 0.0 [1, 2, 3]

14.91005 - check target 0.0 [115 115 115 115 115 115 115 115 115]

14.94375 - check skills 0.0 [1, 2]

14.9755 - check target 0.0 [115 115 115 115 115 115 115 115 115]

15.02361 - check skills 0.000498 [1, 2]

15.161 - check target 0.0 [115 115 115 115 115 115 115 115 115]

15.19274 - check skills 0.0 [1, 2]

15.32602 - check target 0.0 [115 115 115 115 115 115 115 115 115]

15.35925 - check skills 0.0 [1, 2]

15.4924 - check target 0.0 [115 115 115 115 115 115 115 115 115]

15.52613 - check skills 0.0 [1, 2]

15.65967 - check target 0.0 [115 115 115 115 115 115 115 115 115]

15.69389 - check skills 0.0 [2]

15.72812 - check target 0.0 [115 115 115 115 115 115 115 115 115]

15.76086 - check skills 0.0 [2]

16.89267 - check target 0.0 [115 115 115 115 115 115 115 115 115]

16.92638 - check skills 0.0 [6]

16.96011 - check target 0.0 [115 115 115 115 115 115 115 115 115]

16.99334 - check skills 0.0 [6]

17.12584 - check target 0.0 [115 115 115 115 115 115 115 115 115]

17.15957 - check skills 0.0 [6]

17.29366 - check target 0.000496 [115 115 115 115 115 115 115 115 115]

17.32591 - check skills 0.0 [6]

17.46032 - check target 0.0 [115 115 115 115 115 115 115 115 115]

17.49258 - check skills 0.0 [0]

69.33513 - entering dungeon

79.61485 - moving to boss

110.07634 - check target 0.0 [115 115 115 115 115 115 115 115 115]

110.07684 - performing combo sequence

110.11109 - check target 0.0 [115 115 115 115 115 115 115 115 115]

110.14231 - check skills 0.0 [1, 2, 3, 4, 6, 7, 8, 9, 10, 11, 12]

110.27672 - check target 0.0 [115 115 115 115 115 115 115 115 115]

110.31144 - check skills 0.0 [1, 2, 3, 4, 6, 7, 8, 9, 10, 11, 12]

110.44536 - check target 0.0 [115 115 115 115 115 115 115 115 115]

110.47909 - check skills 0.0 [1, 2, 3, 4, 6, 7, 8, 9, 10, 11, 12]

110.61152 - check target 0.000467 [115 115 115 115 115 115 115 115 115]

110.64426 - check skills 0.0 [1, 2, 3, 4, 6, 7, 8, 9, 10, 11, 12]

110.77768 - check target 0.000495 [115 115 115 115 115 115 115 115 115]

110.81637 - check skills 0.000497 [1, 2, 3, 4, 6, 7, 8, 9, 10, 11, 12]

110.96073 - check target 0.0 [115 115 115 115 115 115 115 115 115]

110.99496 - check skills 0.0 [1, 2, 3, 4, 6, 7, 8, 9, 10, 11, 12]

111.12687 - check target 0.0 [115 115 115 115 115 115 115 115 115]

111.16109 - check skills 0.0 [1, 2, 3, 4, 6, 7, 8, 9, 10, 11, 12]

111.29355 - check target 0.000496 [115 115 115 115 115 115 115 115 115]

111.32827 - check skills 0.0 [1, 2, 3, 4, 6, 7, 8, 9, 10, 11, 12]

111.4701 - check target 0.0 [115 115 115 115 115 115 115 115 115]

111.51474 - check skills 0.0 [1, 2, 3, 4, 6, 7, 8, 9, 10, 11, 12]

111.64667 - check target 0.0 [115 115 115 115 115 115 115 115 115]

111.67845 - check skills 0.000524 [1, 2, 3, 4, 6, 7, 8, 9, 10, 11, 12]

111.81878 - check target 0.0 [115 115 115 115 115 115 115 115 115]

111.84659 - check skills 0.0 [1, 2, 3, 4, 6, 7, 8, 9, 10, 11, 12]

111.98296 - check target 0.0 [116 116 116 116 116 116 116 116 116]

112.01173 - check skills 0.0 [1, 2, 3, 4, 6, 7, 8, 9, 10, 12]

112.04347 - check target 0.0 [116 116 116 116 116 116 116 116 116]

112.07819 - check skills 0.0 [1, 2, 3, 4, 6, 7, 8, 9, 10, 12]

112.21313 - check target 0.0 [115 115 115 115 115 115 115 115 115]

112.24534 - check skills 0.000466 [1, 2, 3, 6, 7, 8, 9, 10, 12]

112.38075 - check target 0.0 [115 115 115 115 115 115 115 115 115]

112.41252 - check skills 0.000524 [1, 2, 3, 6, 7, 8, 9, 10]

112.44526 - check target 0.0 [115 115 115 115 115 115 116 116 115]

112.47797 - check skills 0.0 [1, 2, 3, 6, 7, 8, 9, 10]

112.50971 - check target 0.0 [115 115 115 115 115 115 115 115 116]

112.54245 - check skills 0.000497 [1, 2, 3, 6, 7, 8, 9, 10]

112.67841 - check target 0.0 [115 115 115 115 115 115 115 115 115]

112.71109 - check skills 0.0 [1, 2, 3, 6, 7, 8, 9, 10]

112.84504 - check target 0.0 [115 115 115 115 115 115 115 115 115]

112.87728 - check skills 0.0 [1, 2, 3, 6, 7, 8, 9]

112.91052 - check target 0.0 [115 115 115 115 115 115 115 115 115]

112.94371 - check skills 0.0 [1, 2, 3, 6, 7, 8, 9]

113.07813 - check target 0.0 [115 115 115 115 115 115 115 115 115]

113.11235 - check skills 0.0 [1, 2, 3, 6, 7, 8, 9]

113.24379 - check target 0.000496 [115 115 115 115 115 115 115 115 115]

113.27802 - check skills 0.000497 [1, 2, 3, 7, 8, 9]

113.31224 - check target 0.0 [115 115 115 115 115 115 115 115 115]

113.34448 - check skills 0.0 [1, 2, 3, 7, 8, 9]

113.4784 - check target 0.0 [115 115 115 115 115 115 115 115 115]

113.51014 - check skills 0.000496 [1, 2, 3, 7, 8, 9]

113.64555 - check target 0.0 [115 115 115 115 115 115 115 115 115]

113.67733 - check skills 0.0 [1, 2, 3, 7, 8, 9]

113.81121 - check target 0.0 [116 116 116 116 116 116 116 116 116]

113.84445 - check skills 0.000496 [1, 2, 3, 7, 8, 9]

113.97837 - check target 0.0 [115 115 116 116 116 116 116 116 116]

114.01061 - check skills 0.0 [1, 2, 3, 7, 8, 9]

114.14304 - check target 0.0 [115 115 115 115 115 115 115 115 115]

114.17777 - check skills 0.0 [1, 2, 3, 7, 9]

114.21049 - check target 0.0 [115 115 115 115 115 115 115 115 115]

114.24422 - check skills 0.000496 [1, 2, 3, 7, 9]

114.37913 - check target 0.0 [115 115 115 115 115 115 115 115 115]

114.41239 - check skills 0.0 [1, 2, 3, 7, 9]

114.54678 - check target 0.0 [115 115 115 115 115 115 115 115 115]

114.57806 - check skills 0.0 [1, 2, 3, 7, 9]

114.71294 - check target 0.0 [115 115 115 115 115 115 115 115 115]

114.74372 - check skills 0.0 [1, 2, 3, 7, 9]

114.87861 - check target 0.0 [115 115 115 115 115 115 115 115 115]

114.91134 - check skills 0.0 [1, 2, 3, 7, 9]

115.04529 - check target 0.0 [115 115 115 115 115 115 115 115 115]

115.07802 - check skills 0.0 [1, 2, 3, 7]

115.11321 - check target 0.0 [115 115 115 115 115 115 115 115 115]

115.142 - check skills 0.0 [1, 2, 3, 7]

115.2764 - check target 0.0 [115 115 115 115 115 115 115 115 115]

115.31462 - check skills 0.0 [1, 2, 3]

115.34534 - check target 0.0 [115 115 115 115 115 115 115 115 115]

115.38108 - check skills 0.0 [1, 2, 3]

116.51048 - check target 0.0 [115 115 115 115 115 115 115 115 115]

116.54169 - check skills 0.0 [1, 2, 3, 4]

117.67604 - check target 0.0 [115 115 115 115 115 115 115 115 115]

117.71227 - check skills 0.0 [1, 2, 4]

117.74399 - check target 0.000496 [115 115 115 115 115 115 115 115 115]

117.77725 - check skills 0.0 [1, 2, 4]

117.91065 - check target 0.000496 [115 115 115 115 115 115 115 115 115]

117.95083 - check skills 0.000486 [1, 2, 4]

118.0783 - check target 0.0 [115 115 115 115 115 115 115 115 115]

118.11153 - check skills 0.0 [1, 2, 4]

118.24449 - check target 0.0 [115 115 115 115 115 115 115 115 115]

118.27871 - check skills 0.0 [2, 4]

118.3129 - check target 0.0 [115 115 115 115 115 115 115 115 115]

118.34614 - check skills 0.0 [2, 4]

119.47704 - check target 0.0 [115 115 115 115 115 115 115 115 115]

119.51028 - check skills 0.000494 [4]

119.544 - check target 0.000491 [115 115 115 115 115 115 115 115 115]

119.57721 - check skills 0.0 [4]

119.61143 - check target 0.0 [115 115 115 115 115 115 115 115 115]

119.61143 - clearing monsters

119.6442 - check target 0.0 [115 115 115 115 115 115 115 115 115]

119.67693 - check skills 0.0 [4, 6]

119.71116 - check target 0.0 [115 116 116 115 115 115 115 115 115]

119.74386 - check skills 0.000496 [4, 6]

119.77908 - check target 0.0 [115 115 115 115 115 115 115 115 115]

119.81033 - check skills 0.000496 [4, 6]

119.84806 - check target 0.0 [116 116 116 116 116 116 116 116 116]

119.87732 - check skills 0.0 [4, 6]

119.91253 - check target 0.0 [115 116 116 116 116 116 116 116 116]

119.94921 - check skills 0.0 [4, 6]

119.97748 - check target 0.0 [115 115 115 115 115 115 115 115 115]

120.01025 - check skills 0.0 [4, 6]

120.04496 - check target 0.000498 [115 115 115 115 115 115 115 115 115]

120.07717 - check skills 0.0 [4, 6]

120.11239 - check target 0.0 [115 115 115 115 115 115 115 115 115]

120.14218 - check skills 0.0 [6]

120.17836 - check target 0.0 [116 116 115 115 115 115 115 115 115]

120.21407 - check skills 0.0 [6]

120.24631 - check target 0.0 [116 116 116 116 116 116 116 116 116]

120.27855 - check skills 0.0 [6]

120.31181 - check target 0.000527 [115 115 115 115 115 115 115 115 115]

120.3465 - check skills 0.0 [6]

120.37825 - check target 0.0 [115 115 115 115 116 116 116 115 115]

120.41198 - check skills 0.0 [6]

120.44471 - check target 0.0 [115 115 115 115 115 115 115 115 115]

120.48588 - check skills 0.0 [6]

120.51861 - check target 0.0 [115 115 115 115 115 115 115 115 115]

120.5454 - check skills 0.000495 [6]

120.58062 - check target 0.000496 [115 115 115 115 115 115 115 115 115]

120.60942 - check skills 0.0 [6]

120.64264 - check target 0.0 [115 115 115 115 115 115 115 115 115]

120.67783 - check skills 0.0 [6]

120.71156 - check target 0.0 [115 115 115 115 115 115 115 115 115]

120.74432 - check skills 0.0 [6]

120.77852 - check target 0.0 [115 115 115 115 115 115 115 115 115]

120.81175 - check skills 0.000494 [6]

120.84303 - check target 0.0 [115 115 115 115 115 115 115 115 115]

120.87822 - check skills 0.000497 [6]

120.908 - check target 0.0 [115 115 115 115 115 115 115 115 115]

120.94371 - check skills 0.0 [0]

120.9784 - check target 0.0 [115 115 115 115 115 115 115 115 115]

121.01117 - check skills 0.0 [0]

121.04636 - check target 0.0 [115 115 115 115 115 115 115 115 115]

121.07711 - check skills 0.0 [0]

121.11086 - check target 0.0 [115 115 115 115 115 115 115 115 115]

121.14506 - check skills 0.0 [0]

121.1768 - check target 0.0 [115 115 115 115 115 115 115 115 115]

121.21206 - check skills 0.0 [0]

121.24575 - check target 0.0 [115 115 115 115 115 115 115 115 115]

121.27551 - check skills 0.0 [0]

121.31023 - check target 0.0 [115 115 115 115 115 115 115 115 115]

121.34297 - check skills 0.0 [0]

121.37719 - check target 0.0 [115 115 115 115 115 115 115 115 115]

121.40846 - check skills 0.000494 [0]

121.44514 - check target 0.0 [115 115 115 115 115 115 115 115 115]

121.47791 - check skills 0.0 [0]

121.5126 - check target 0.0 [115 115 115 115 115 115 115 115 115]

121.55376 - check skills 0.000496 [0]

121.59295 - check target 0.0 [115 115 115 115 115 115 115 115 115]

121.62916 - check skills 0.000494 [0]

121.6614 - check target 0.0 [115 115 115 115 115 115 115 115 115]

121.69562 - check skills 0.000497 [0]

121.72591 - check target 0.0 [115 115 115 115 115 115 115 115 115]

121.76556 - check skills 0.000497 [0]

121.79829 - check target 0.0 [115 115 115 115 115 115 115 115 115]

121.83004 - check skills 0.0 [0]

121.86277 - check target 0.0 [115 115 115 115 115 115 115 115 115]

121.89948 - check skills 0.0 [0]

121.93023 - check target 0.000495 [115 115 115 115 115 115 115 115 115]

121.96445 - check skills 0.000496 [0]

121.99818 - check target 0.000496 [115 115 115 115 115 115 115 115 115]

122.03389 - check skills 0.000495 [0]

122.06266 - check target 0.0 [115 115 115 115 115 115 115 115 115]

122.10036 - check skills 0.0 [0]

122.12615 - check target 0.0 [115 115 115 115 115 115 115 115 115]

122.16186 - check skills 0.0 [0]

122.20104 - check target 0.0 [36 33 31 33 33 31 33 33 35]

122.22733 - check target 0.0 [33 32 33 31 32 34 33 35 36]

122.26255 - check target 0.000495 [33 32 32 31 32 33 33 34 34]

122.29528 - check target 0.0 [32 32 31 31 31 33 32 33 35]

122.32852 - check target 0.000472 [32 32 30 29 31 32 32 33 35]

122.36175 - check target 0.0 [32 32 30 29 31 32 31 33 34]

122.396 - check target 0.0 [32 28 31 29 31 32 31 35 34]

122.42871 - check target 0.0 [32 29 31 29 31 33 31 35 35]

122.46144 - check target 0.0 [32 28 31 29 30 33 32 35 35]

122.4952 - check target 0.0 [32 28 32 29 30 31 31 35 35]

122.49617 - exiting dungeon

122.8632 - check target 0.0 [27 30 32 29 30 34 36 35 37]

123.92762 - check target 0.0 [26 31 34 31 33 33 38 37 38]

124.98211 - check target 0.000496 [26 34 34 31 30 34 38 36 37]

126.04653 - check target 0.0 [26 33 34 31 32 33 37 36 37]

127.10601 - check target 0.0 [29 34 34 31 31 35 35 38 37]

130.69957 - entering dungeon

140.4688 - moving to boss

172.92717 - check target 0.0 [115 115 115 115 115 116 116 116 116]

172.92717 - performing combo sequence

172.96038 - check target 0.0 [115 115 116 116 116 116 116 116 116]

172.99465 - check skills 0.000498 [1, 2, 3, 4, 6, 7, 8, 9, 10, 11, 12]

173.12961 - check target 0.0 [115 115 115 115 116 116 116 116 115]

173.16133 - check skills 0.0 [1, 2, 3, 4, 6, 7, 8, 9, 10, 11, 12]

173.29288 - check target 0.0 [115 115 115 116 115 115 115 115 115]

173.32909 - check skills 0.0 [1, 2, 3, 4, 6, 7, 8, 9, 10, 11, 12]

173.46061 - check target 0.000497 [115 115 115 115 115 115 115 115 115]

173.49384 - check skills 0.0 [1, 2, 3, 4, 6, 7, 8, 9, 10, 12]

173.52718 - check target 0.000463 [115 115 115 115 115 115 115 115 115]

173.5619 - check skills 0.0 [1, 2, 3, 4, 6, 7, 8, 9, 10, 12]

173.69729 - check target 0.0 [115 115 115 115 115 115 115 115 115]

173.72952 - check skills 0.0 [1, 2, 3, 4, 6, 7, 8, 9, 10]

173.76226 - check target 0.0 [115 115 115 115 115 115 115 115 115]

173.7945 - check skills 0.0 [1, 2, 3, 4, 6, 7, 8, 9, 10]

173.9293 - check target 0.000496 [115 115 115 115 115 115 115 115 115]

173.96203 - check skills 0.0 [1, 2, 3, 4, 6, 7, 8, 9, 10]

174.09511 - check target 0.000526 [115 115 115 115 115 115 115 115 115]

174.12983 - check skills 0.0 [1, 2, 3, 6, 7, 8, 9, 10]

174.16303 - check target 0.000497 [115 115 115 115 115 115 115 115 115]

174.19527 - check skills 0.0 [1, 2, 3, 6, 7, 8, 9, 10]

174.32969 - check target 0.0 [115 115 115 115 115 115 115 115 115]

174.3659 - check skills 0.000471 [1, 2, 3, 6, 7, 8, 9, 10]

174.49436 - check target 0.0 [115 115 115 115 115 115 115 115 115]

174.52759 - check skills 0.0 [1, 2, 3, 6, 7, 8, 9, 10]

174.66452 - check target 0.0 [115 115 115 115 115 115 115 115 115]

174.69627 - check skills 0.000526 [1, 2, 3, 6, 7, 8, 9, 10]

174.82817 - check target 0.0 [115 115 115 115 115 115 115 115 115]

174.8624 - check skills 0.0 [1, 2, 3, 6, 7, 8, 9]

174.89811 - check target 0.0 [115 115 115 115 115 115 115 115 115]

174.93037 - check skills 0.00052 [1, 2, 3, 6, 7, 8, 9]

175.06278 - check target 0.000495 [115 115 115 115 115 115 115 115 115]

175.09604 - check skills 0.0 [1, 2, 3, 6, 7, 8, 9]

175.22963 - check target 0.000496 [115 115 115 115 115 115 115 115 115]

175.26636 - check skills 0.0 [1, 2, 3, 7, 8, 9]

175.29364 - check target 0.0 [115 115 115 115 115 115 115 115 115]

175.32836 - check skills 0.0 [1, 2, 3, 7, 8, 9]

175.46374 - check target 0.000496 [115 115 115 115 115 115 115 115 115]

175.49499 - check skills 0.0 [1, 2, 3, 7, 8, 9]

175.62944 - check target 0.000523 [115 115 115 115 115 115 115 115 115]

175.66267 - check skills 0.0 [1, 2, 3, 7, 8, 9]

175.79632 - check target 0.0 [115 115 115 115 115 115 115 115 115]

175.82908 - check skills 0.0 [1, 2, 3, 7, 8, 9]

175.96496 - check target 0.0 [115 115 115 115 115 115 115 115 115]

175.99621 - check skills 0.000496 [1, 2, 3, 7, 8, 9]

176.12913 - check target 0.0 [115 115 115 115 115 115 115 115 115]

176.16286 - check skills 0.0 [1, 2, 3, 7, 9]

176.19522 - check target 0.0 [115 115 115 115 115 115 115 115 115]

176.22796 - check skills 0.0 [1, 2, 3, 7, 9]

176.36071 - check target 0.0 [115 115 115 115 115 115 115 115 115]

176.39446 - check skills 0.0 [1, 2, 3, 7, 9]

176.52739 - check target 0.0 [115 115 115 115 115 115 115 115 115]

176.56112 - check skills 0.0 [1, 2, 3, 7, 9]

176.69391 - check target 0.0 [115 115 115 115 115 115 115 115 115]

176.72829 - check skills 0.0 [1, 2, 3, 7, 9]

176.86374 - check target 0.0 [115 115 115 115 115 115 115 115 115]

176.89747 - check skills 0.0 [1, 2, 3, 7]

176.93368 - check target 0.0 [115 115 115 115 115 115 115 115 115]

176.96046 - check skills 0.0 [1, 2, 3, 7]

177.09558 - check target 0.0 [115 115 115 115 115 115 115 115 116]

177.1298 - check skills 0.0 [1, 2, 3]

177.16154 - check target 0.0 [115 115 115 115 115 115 116 115 115]

177.1948 - check skills 0.0 [1, 2, 3]

178.32755 - check target 0.0 [116 116 116 116 116 116 116 116 116]

178.3613 - check skills 0.0 [1, 2]

178.395 - check target 0.0 [116 116 116 116 116 116 116 116 116]

178.42774 - check skills 0.0 [1, 2]

178.5612 - check target 0.0 [115 115 115 115 115 115 115 115 115]

178.5984 - check skills 0.000496 [1, 2]

178.73232 - check target 0.0 [115 115 115 115 115 115 115 116 116]

178.76459 - check skills 0.0 [1, 2]

178.89534 - check target 0.000495 [116 116 116 116 116 116 116 116 116]

178.92758 - check skills 0.0 [1, 2]

179.06171 - check target 0.0 [116 116 116 116 116 116 116 116 116]

179.09544 - check skills 0.0 [2]

179.12765 - check target 0.0 [115 115 115 115 115 115 115 116 116]

179.16138 - check skills 0.0 [2]

180.2944 - check target 0.000496 [115 115 115 115 115 115 115 115 115]

180.32815 - check skills 0.0 [0]

180.36098 - check target 0.0 [115 115 115 115 115 115 115 115 115]

180.39368 - check skills 0.0 [0]

180.42741 - check target 0.0 [115 115 115 115 115 115 115 115 115]

180.42741 - clearing monsters

180.46213 - check target 0.0 [115 115 115 115 115 115 115 115 115]

180.49437 - check skills 0.0 [0]

180.53603 - check target 0.000496 [115 115 115 115 115 115 115 115 115]

180.56331 - check skills 0.0 [0]

180.59605 - check target 0.0 [115 115 115 115 115 115 115 115 115]

180.62879 - check skills 0.000496 [0]

180.66252 - check target 0.000497 [115 115 115 115 115 115 115 115 115]

180.69624 - check skills 0.0 [0]

180.72848 - check target 0.0 [115 115 115 115 115 115 115 115 115]

180.76197 - check skills 0.0 [0]

180.79424 - check target 0.0 [115 115 115 115 115 115 115 115 115]

180.84433 - check skills 0.0 [0]

180.87903 - check target 0.0 [115 115 115 115 115 115 115 115 115]

180.91276 - check skills 0.0 [0]

180.94698 - check target 0.0 [115 115 115 115 115 115 115 115 115]

180.97823 - check skills 0.000474 [0]

181.01196 - check target 0.000497 [115 115 115 115 115 115 115 115 115]

181.04469 - check skills 0.0 [0]

181.07798 - check target 0.0 [115 115 115 115 115 115 115 115 115]

181.11121 - check skills 0.0 [0]

181.14478 - check target 0.0 [115 115 115 115 115 115 115 115 115]

181.17901 - check skills 0.000468 [0]

181.21323 - check target 0.0 [115 115 115 115 115 115 115 115 115]

181.2442 - check skills 0.0 [0]

181.28091 - check target 0.0 [115 115 115 115 115 115 115 115 115]

181.31215 - check skills 0.0 [0]

181.3444 - check target 0.000496 [115 115 115 115 115 115 115 115 115]

181.37717 - check skills 0.0 [0]

181.41166 - check target 0.0 [115 115 115 115 115 115 115 115 115]

181.4454 - check skills 0.0 [0]

181.47814 - check target 0.0 [115 115 115 115 115 115 115 115 115]

181.51139 - check skills 0.0 [0]

181.54512 - check target 0.0 [115 115 115 115 115 115 115 115 115]

181.57934 - check skills 0.0 [6]

181.61257 - check target 0.0 [115 115 115 115 115 115 115 115 115]

181.64649 - check skills 0.0 [6]

181.67922 - check target 0.0 [115 115 115 115 115 115 115 115 115]

181.71146 - check skills 0.000496 [0]

181.74519 - check target 0.0 [115 115 115 115 115 115 115 115 115]

181.77892 - check skills 0.000496 [0]

181.81463 - check target 0.0 [115 115 115 115 115 115 115 115 115]

181.85434 - check skills 0.000497 [0]

181.87864 - check target 0.0 [115 115 115 115 115 115 115 115 115]

181.91234 - check skills 0.000497 [0]

181.94508 - check target 0.0 [115 115 115 115 115 115 115 115 115]

181.97784 - check skills 0.0 [0]

182.01311 - check target 0.000495 [115 115 115 115 115 115 115 115 115]

182.04486 - check skills 0.0 [0]

182.08057 - check target 0.0 [115 115 115 115 115 115 115 115 115]

182.11281 - check skills 0.0 [0]

182.14604 - check target 0.0 [115 115 115 115 115 115 115 115 115]

182.17828 - check skills 0.0 [0]

182.21221 - check target 0.0 [115 115 115 115 115 115 115 115 115]

182.24502 - check skills 0.0 [0]

182.28073 - check target 0.0 [115 115 115 115 115 115 115 115 115]

182.31049 - check skills 0.000496 [0]

182.34422 - check target 0.0 [115 115 115 115 115 115 115 115 115]

182.37745 - check skills 0.0 [0]

182.41118 - check target 0.0 [115 115 115 115 115 115 115 115 115]

182.44467 - check skills 0.0 [0]

182.47989 - check target 0.0 [115 115 115 115 115 115 115 115 115]

182.51213 - check skills 0.000495 [0]

182.54734 - check target 0.0 [115 115 115 115 115 115 115 115 115]

182.57909 - check skills 0.0 [0]

182.61185 - check target 0.000488 [115 115 115 115 115 115 115 115 115]

182.65547 - check skills 0.0 [0]

182.69568 - check target 0.0 [115 115 115 115 115 115 115 115 115]

182.72892 - check skills 0.0 [0]

182.76264 - check target 0.0 [115 115 115 115 115 115 115 115 115]

182.79439 - check skills 0.0 [0]

182.82769 - check target 0.0 [115 115 115 115 115 115 115 115 115]

182.86093 - check skills 0.0 [0]

182.89465 - check target 0.0 [115 115 115 115 115 115 115 115 115]

182.92838 - check skills 0.0 [0]

182.96067 - check target 0.0 [115 115 115 115 115 115 115 115 115]

182.99487 - check skills 0.0 [0]

183.02923 - check target 0.0 [115 115 115 115 115 115 115 115 115]

183.06147 - check skills 0.0 [0]

183.09519 - check target 0.0 [115 115 115 115 115 115 115 115 115]

183.1279 - check skills 0.0 [0]

183.16213 - check target 0.0 [115 115 115 115 115 115 115 115 115]

183.19486 - check skills 0.000497 [0]

183.22809 - check target 0.0 [115 115 115 115 115 115 115 115 115]

183.26532 - check skills 0.0 [0]

183.29558 - check target 0.000506 [115 115 115 115 115 115 115 115 115]

183.32929 - check skills 0.0 [0]

183.36007 - check target 0.0 [115 115 115 115 115 115 115 115 115]

183.39476 - check skills 0.0 [0]

183.42755 - check target 0.0 [115 115 115 115 115 115 115 115 115]

183.46176 - check skills 0.000496 [0]

183.49698 - check target 0.0 [115 115 115 115 115 115 115 115 115]

183.52823 - check skills 0.0 [0]

183.56146 - check target 0.0 [115 115 115 115 115 115 115 115 115]

183.59519 - check skills 0.0 [0]

183.62842 - check target 0.0 [115 115 115 115 115 115 115 115 115]

183.66116 - check skills 0.0 [0]

183.69433 - check target 0.0 [115 115 115 115 115 115 115 115 115]

183.72806 - check skills 0.0 [0]

183.76278 - check target 0.0 [115 115 115 115 115 115 115 115 115]

183.79502 - check skills 0.0 [0]

183.83073 - check target 0.0 [115 115 115 115 115 115 115 115 115]

183.86198 - check skills 0.0 [0]

183.89471 - check target 0.0 [115 115 115 115 115 115 115 115 115]

183.92819 - check skills 0.0 [0]

183.96261 - check target 0.0 [115 115 115 115 115 115 115 115 115]

183.99485 - check skills 0.0 [0]

184.02809 - check target 0.0 [115 115 115 115 115 115 115 115 115]

184.06132 - check skills 0.0 [0]

184.09505 - check target 0.000471 [115 115 115 115 115 115 115 115 115]

184.12927 - check skills 0.0 [0]

184.16101 - check target 0.0 [115 115 115 115 115 115 115 115 115]

184.19627 - check skills 0.0 [0]

184.22897 - check target 0.0 [115 115 115 115 115 115 115 115 115]

184.26471 - check skills 0.000495 [0]

184.29545 - check target 0.000495 [115 115 115 115 115 115 115 115 115]

184.32767 - check skills 0.0 [0]

184.36041 - check target 0.0 [115 115 115 115 115 115 115 115 115]

184.39463 - check skills 0.000497 [0]

184.42887 - check target 0.0 [115 115 115 115 115 115 115 115 115]

184.46154 - check skills 0.0 [0]

184.49677 - check target 0.0 [115 115 115 115 115 115 115 115 115]

184.52986 - check skills 0.0 [0]

184.5626 - check target 0.0 [115 115 115 115 115 115 115 115 115]

184.59484 - check skills 0.0 [0]

184.62906 - check target 0.0 [115 115 115 115 115 115 115 115 115]

184.6623 - check skills 0.0 [0]

184.69454 - check target 0.0 [115 115 115 115 115 115 115 115 115]

184.72975 - check skills 0.0 [0]

184.76252 - check target 0.0 [115 115 115 115 115 115 115 115 115]

184.79474 - check skills 0.0 [0]

184.8307 - check target 0.0 [115 115 115 115 115 115 115 115 115]

184.86195 - check skills 0.0 [0]

184.89568 - check target 0.0 [115 115 115 115 115 115 115 115 115]

184.92822 - check skills 0.0 [0]

184.96344 - check target 0.0 [115 115 115 115 115 115 115 115 115]

184.99667 - check skills 0.0 [0]

185.02938 - check target 0.0 [115 115 115 115 115 115 115 115 115]

185.06211 - check skills 0.000496 [0]

185.09485 - check target 0.0 [115 115 115 115 115 115 115 115 115]

185.1296 - check skills 0.000527 [0]

185.16082 - check target 0.0 [115 115 115 115 115 115 115 115 115]

185.19455 - check skills 0.000497 [0]

185.23029 - check target 0.0 [115 115 115 115 115 115 115 115 115]

185.26449 - check skills 0.0 [0]

185.29825 - check target 0.0 [115 115 115 115 115 115 115 115 115]

185.32702 - check skills 0.0 [0]

185.36323 - check target 0.0 [115 115 115 115 115 115 115 115 115]

185.39357 - check skills 0.0 [0]

185.42782 - check target 0.0 [115 115 115 115 115 115 115 115 115]

185.46204 - check skills 0.0 [0]

185.49624 - check target 0.0 [115 115 115 115 115 115 115 115 115]

185.53347 - check skills 0.0 [0]

185.56221 - check target 0.0 [115 115 115 115 115 115 115 115 115]

185.59643 - check skills 0.0 [0]

185.62969 - check target 0.0 [115 115 115 115 115 115 115 115 115]

185.66242 - check skills 0.0 [0]

185.69566 - check target 0.0 [115 115 115 115 115 115 115 115 115]

185.72839 - check skills 0.0 [0]

185.76212 - check target 0.0 [115 115 115 115 115 115 115 115 115]

185.79582 - check skills 0.0 [0]

185.83057 - check target 0.000484 [115 115 115 115 115 115 115 115 115]

185.86133 - check skills 0.000529 [0]

185.89505 - check target 0.0 [115 115 115 115 115 115 115 115 115]

185.92827 - check skills 0.0 [11]

185.96347 - check target 0.0 [115 115 115 115 115 115 115 115 115]

185.99422 - check skills 0.0 [11]

186.02649 - check target 0.0 [115 115 115 115 115 115 115 115 115]

186.06217 - check skills 0.0 [11]

186.09543 - check target 0.0 [115 115 115 115 115 115 115 115 115]

186.12775 - check skills 0.0 [11]

186.16198 - check target 0.0 [115 115 115 115 115 115 115 115 115]

186.1957 - check skills 0.0 [11]

186.22646 - check target 0.0 [115 115 115 115 115 115 115 115 115]

186.26167 - check skills 0.0 [0]

186.29543 - check target 0.000524 [115 115 115 115 115 115 115 115 115]

186.3273 - check skills 0.0 [0]

186.36077 - check target 0.0 [115 115 115 115 115 115 115 115 115]

186.39599 - check skills 0.0 [6]

186.43071 - check target 0.0 [115 115 115 115 115 115 115 115 115]

186.46444 - check skills 0.000497 [6]

186.49817 - check target 0.000496 [115 115 115 115 115 115 115 115 115]

186.53041 - check skills 0.0 [6]

186.56216 - check target 0.0 [115 115 115 115 115 115 115 115 115]

186.59638 - check skills 0.000496 [0]

186.62862 - check target 0.0 [115 115 115 115 115 115 115 115 115]

186.66631 - check skills 0.0 [0]

186.69459 - check target 0.0 [115 115 115 115 115 115 115 115 115]

186.72831 - check skills 0.000496 [0]

186.76204 - check target 0.0 [115 115 115 115 115 115 115 115 115]

186.79478 - check skills 0.000496 [0]

186.82801 - check target 0.0 [115 115 115 115 115 115 115 115 115]

186.86323 - check skills 0.000496 [0]

186.8946 - check target 0.0 [115 115 115 115 115 115 115 115 115]

186.92784 - check skills 0.0 [0]

186.96156 - check target 0.0 [115 115 115 115 115 115 115 115 115]

186.9943 - check skills 0.0 [0]

187.02852 - check target 0.000495 [115 115 115 115 115 115 115 115 115]

187.06178 - check skills 0.0 [0]

187.09399 - check target 0.0 [115 115 115 115 115 115 115 115 115]

187.13169 - check skills 0.000497 [0]

187.16145 - check target 0.000496 [115 115 115 115 115 115 115 115 115]

187.19617 - check skills 0.0 [0]

187.22792 - check target 0.0 [115 115 115 115 115 115 115 115 115]

187.26527 - check skills 0.000496 [0]

187.29354 - check target 0.0 [115 115 115 115 115 115 115 115 115]

187.3283 - check skills 0.0 [0]

187.36041 - check target 0.0 [115 115 115 115 115 115 115 115 115]

187.39609 - check skills 0.0 [0]

187.42585 - check target 0.0 [115 115 115 115 115 115 115 115 115]

187.46206 - check skills 0.0 [0]

187.4948 - check target 0.000473 [115 115 115 115 115 115 115 115 115]

187.52803 - check skills 0.0 [2]

188.56133 - check target 0.0 [115 115 115 115 115 115 115 115 115]

188.59457 - check skills 0.0 [0]

188.6278 - check target 0.0 [115 115 115 115 115 115 115 115 115]

188.66153 - check skills 0.0 [0]

188.69476 - check target 0.0 [115 115 115 115 115 115 115 115 115]

188.72852 - check skills 0.000532 [0]

188.76172 - check target 0.000495 [115 115 115 115 115 115 115 115 115]

188.79594 - check skills 0.0 [0]

188.82868 - check target 0.0 [115 115 115 115 115 115 115 115 115]

188.86241 - check skills 0.0 [0]

188.89861 - check target 0.0 [115 115 115 115 115 115 115 115 115]

188.92837 - check skills 0.000495 [0]

188.96213 - check target 0.0 [115 115 115 115 115 115 115 115 115]

189.00029 - check skills 0.0 [0]

189.02859 - check target 0.0 [115 115 115 115 115 115 115 115 115]

189.06279 - check skills 0.0 [0]

189.09602 - check target 0.0 [115 115 115 115 115 115 115 115 115]

189.13173 - check skills 0.0 [0]

189.1615 - check target 0.000499 [115 115 115 115 115 115 115 115 115]

189.19724 - check skills 0.0 [0]

189.23093 - check target 0.0 [115 115 115 115 115 115 115 115 115]

189.26466 - check skills 0.000496 [0]

189.29493 - check target 0.0 [115 115 115 115 115 115 115 115 115]

189.32765 - check skills 0.0 [0]

189.36091 - check target 0.0 [115 115 115 115 115 115 115 115 115]

189.39511 - check skills 0.000495 [0]

189.42834 - check target 0.000496 [115 115 115 115 115 115 115 115 115]

189.46257 - check skills 0.000497 [0]

189.49629 - check target 0.0 [115 115 115 115 115 115 115 115 115]

189.52754 - check skills 0.0 [0]

189.56278 - check target 0.0 [115 115 115 115 115 115 115 115 115]

189.59599 - check skills 0.0 [0]

189.62872 - check target 0.0 [115 115 115 115 115 115 115 115 115]

189.66295 - check skills 0.0 [0]

189.69668 - check target 0.0 [115 115 115 115 115 115 115 115 115]

189.72941 - check skills 0.0 [0]

189.76265 - check target 0.000496 [115 115 115 115 115 115 115 115 115]

189.79538 - check skills 0.0 [0]

189.8306 - check target 0.0 [115 115 115 115 115 115 115 115 115]

189.86234 - check skills 0.0 [0]

189.89659 - check target 0.0 [115 115 115 115 115 115 115 115 115]

189.93128 - check skills 0.0 [0]

189.96253 - check target 0.0 [115 115 115 115 115 115 115 115 115]

189.99675 - check skills 0.000496 [0]

190.02999 - check target 0.0 [115 115 115 115 115 115 115 115 115]

190.06173 - check skills 0.0 [0]

190.09549 - check target 0.0 [115 115 115 115 115 115 115 115 115]

190.1302 - check skills 0.0 [0]

190.16242 - check target 0.0 [115 115 115 115 115 115 115 115 115]

190.19618 - check skills 0.0 [0]

190.22988 - check target 0.0 [115 115 115 115 115 115 115 115 115]

190.26608 - check skills 0.0 [0]

190.29736 - check target 0.0 [115 115 115 115 115 115 115 115 115]

190.33106 - check skills 0.0 [0]

190.36082 - check target 0.0 [115 115 115 115 115 115 115 115 115]

190.39504 - check skills 0.0 [0]

190.43026 - check target 0.0 [115 115 115 115 115 115 115 115 115]

190.46253 - check skills 0.0 [0]

190.49672 - check target 0.0 [115 115 115 115 115 115 115 115 115]

190.53045 - check skills 0.0 [0]

190.56368 - check target 0.0 [115 115 115 115 115 115 115 115 115]

190.59545 - check skills 0.000523 [0]

190.62866 - check target 0.0 [115 115 115 115 115 115 115 115 115]

190.66242 - check skills 0.0 [0]

190.69664 - check target 0.0 [115 115 115 115 115 115 115 115 115]

190.72836 - check skills 0.0 [0]

190.76258 - check target 0.0 [115 115 115 115 115 115 115 115 115]

190.79733 - check skills 0.0 [0]

190.82855 - check target 0.0 [115 115 115 115 115 115 115 115 115]

190.86776 - check skills 0.0 [0]

190.89702 - check target 0.0 [115 115 115 115 115 115 115 115 115]

190.92926 - check skills 0.0 [0]

190.96247 - check target 0.0 [115 115 115 115 115 115 115 115 115]

190.99768 - check skills 0.000496 [0]

191.03191 - check target 0.0 [115 115 115 115 115 115 115 115 115]

191.06266 - check skills 0.0 [0]

191.09688 - check target 0.0 [115 115 115 115 115 115 115 115 115]

191.12962 - check skills 0.0 [0]

191.16285 - check target 0.0 [115 115 115 115 115 115 115 115 115]

191.1966 - check skills 0.0 [0]

191.22984 - check target 0.0 [115 115 115 115 115 115 115 115 115]

191.26552 - check skills 0.000496 [0]

191.29479 - check target 0.0 [115 115 115 115 115 115 115 115 115]

191.32752 - check skills 0.0 [0]

191.36175 - check target 0.0 [115 115 115 115 115 115 115 115 115]

191.39448 - check skills 0.0 [0]

191.42871 - check target 0.0 [115 115 115 115 115 115 115 115 115]

191.46244 - check skills 0.0 [0]

191.49715 - check target 0.0 [115 115 115 115 115 115 115 115 115]

191.52843 - check skills 0.000497 [0]

191.56312 - check target 0.0 [115 115 115 115 115 115 115 115 115]

191.59588 - check skills 0.0 [0]

191.63209 - check target 0.0 [115 115 115 115 115 115 115 115 115]

191.66282 - check skills 0.0 [0]

191.69558 - check target 0.0 [115 115 115 115 115 115 115 115 115]

191.72881 - check skills 0.0 [0]

191.7645 - check target 0.000497 [115 115 115 115 115 115 115 115 115]

191.79627 - check skills 0.0 [0]

191.82898 - check target 0.000468 [115 115 115 115 115 115 115 115 115]

191.8642 - check skills 0.0 [10]

191.89445 - check target 0.0 [115 115 115 115 115 115 115 115 115]

191.93066 - check skills 0.0 [10]

191.96491 - check target 0.0 [115 115 115 115 115 115 115 115 115]

191.99663 - check skills 0.000497 [10]

192.03085 - check target 0.0 [115 115 115 115 115 115 115 115 115]

192.0641 - check skills 0.0 [0]

192.09682 - check target 0.0 [115 115 115 115 115 115 115 115 115]

192.12909 - check skills 0.000523 [4]

192.16331 - check target 0.000524 [115 115 115 115 115 115 115 115 115]

192.19602 - check skills 0.0 [4]

192.23074 - check target 0.0 [115 115 115 115 115 115 115 115 115]

192.26843 - check skills 0.000496 [4]

192.29522 - check target 0.0 [115 115 115 115 115 115 115 115 115]

192.32798 - check skills 0.0 [4]

192.36267 - check target 0.0 [115 115 115 115 115 115 115 115 115]

192.39739 - check skills 0.000464 [4]

192.42715 - check target 0.0 [115 115 115 115 115 115 115 115 115]

192.46088 - check skills 0.000496 [0]

192.49709 - check target 0.000496 [115 115 115 115 115 115 115 115 115]

192.52883 - check skills 0.0 [0]

192.56206 - check target 0.0 [115 115 115 115 115 115 115 115 115]

192.59582 - check skills 0.0 [0]

192.63103 - check target 0.0 [115 115 115 115 115 115 115 115 115]

192.66375 - check skills 0.0 [0]

192.69648 - check target 0.0 [115 115 115 115 115 115 115 115 115]

192.7307 - check skills 0.000468 [0]

192.76344 - check target 0.0 [115 115 115 115 115 115 115 115 115]

192.79915 - check skills 0.0 [0]

192.8304 - check target 0.0 [115 115 115 115 115 115 115 115 115]

192.86363 - check skills 0.0 [0]

192.89587 - check target 0.0 [142 141 139 138 136 136 138 139 143]

192.93059 - check target 0.0 [137 138 140 141 142 143 143 142 142]

192.96482 - check target 0.000496 [115 115 115 115 115 115 115 115 115]

192.99507 - check skills 0.0 [0]

193.02684 - check target 0.0 [115 115 115 115 115 115 115 115 115]

193.06352 - check skills 0.0 [6]

193.09626 - check target 0.0 [115 115 115 115 115 115 115 115 115]

193.13101 - check skills 0.0 [6]

193.16322 - check target 0.000497 [116 115 115 115 115 115 115 115 115]

193.19545 - check skills 0.0 [6, 8]

193.23315 - check target 0.0 [115 115 115 115 115 115 115 115 115]

193.26142 - check skills 0.0 [6, 8]

193.29267 - check target 0.0 [116 116 116 116 116 116 116 116 116]

193.32739 - check skills 0.0 [8]

193.35914 - check target 0.0 [115 115 115 115 115 115 115 115 115]

193.39336 - check skills 0.000495 [8]

193.42808 - check target 0.0 [115 115 115 115 115 115 115 115 115]

193.46632 - check skills 0.0 [8]

193.49752 - check target 0.0 [115 115 115 115 115 115 115 115 115]

193.53075 - check skills 0.0 [8]

193.5615 - check target 0.0 [116 116 116 116 116 116 116 116 115]

193.6002 - check skills 0.000509 [8]

193.63491 - check target 0.0 [116 116 116 116 116 116 116 116 116]

193.66616 - check skills 0.0 [8]

193.69493 - check target 0.0 [116 116 116 116 116 116 116 116 116]

193.73312 - check skills 0.0 [8]

193.76586 - check target 0.0 [116 116 116 116 116 116 116 116 116]

193.79415 - check skills 0.0 [8]

193.83083 - check target 0.0 [115 115 115 115 115 115 115 115 115]

193.86505 - check skills 0.0 [8]

193.89928 - check target 0.0 [116 115 115 115 115 115 115 115 115]

193.93202 - check skills 0.000496 [8]

193.96974 - check target 0.0 [115 115 115 115 115 115 115 115 115]

193.99947 - check skills 0.000496 [8]

194.0332 - check target 0.0 [115 115 115 115 115 115 115 115 115]

194.06448 - check skills 0.000532 [8]

194.10016 - check target 0.000497 [115 115 115 115 115 115 115 115 115]

194.13488 - check skills 0.0 [0]

194.16764 - check target 0.0 [115 115 115 115 115 115 115 115 115]

194.20432 - check skills 0.0 [7]

194.23061 - check target 0.000498 [115 115 115 115 115 115 115 115 115]

194.2683 - check skills 0.0 [7]

194.29558 - check target 0.0 [115 115 115 115 115 115 115 115 115]

194.32931 - check skills 0.0 [7]

194.36254 - check target 0.0 [115 115 115 115 115 115 115 115 115]

194.39577 - check skills 0.0 [7]

194.43099 - check target 0.0 [115 115 115 115 115 115 115 115 115]

194.46273 - check skills 0.0 [7]

194.49746 - check target 0.0 [115 115 115 115 115 115 115 115 115]

194.5292 - check skills 0.0 [7]

194.56392 - check target 0.0 [115 115 115 115 115 115 115 115 115]

194.59814 - check skills 0.0 [7]

194.62989 - check target 0.0 [115 115 115 115 115 115 115 115 115]

194.66414 - check skills 0.0 [7]

194.69635 - check target 0.0 [115 115 115 115 115 115 115 115 115]

194.73008 - check skills 0.0 [7]

194.7648 - check target 0.0 [115 115 115 115 115 115 115 115 115]

194.79555 - check skills 0.0 [7]

194.83077 - check target 0.0 [115 115 115 115 115 115 115 115 115]

194.867 - check skills 0.0 [7]

194.89624 - check target 0.000496 [115 115 115 115 115 115 115 115 115]

194.93096 - check skills 0.0 [0]

194.96568 - check target 0.0 [115 115 115 115 115 115 115 115 115]

194.99643 - check skills 0.0 [0]

195.03363 - check target 0.0 [115 115 115 115 115 115 115 115 115]

195.06289 - check skills 0.0 [12]

195.09761 - check target 0.0 [115 115 115 115 115 115 115 115 115]

195.13134 - check skills 0.0 [12]

195.16507 - check target 0.0 [115 115 115 115 115 115 115 115 115]

195.19929 - check skills 0.0 [12]

195.23153 - check target 0.000496 [115 115 115 115 115 115 115 115 115]

195.26774 - check skills 0.0 [12]

195.29651 - check target 0.0 [115 115 115 115 115 115 115 115 115]

195.32676 - check skills 0.0 [0]

195.36297 - check target 0.0 [115 115 115 115 115 115 115 115 115]

195.39521 - check skills 0.0 [3]

196.43582 - check target 0.0 [116 116 115 115 115 115 115 115 115]

196.46112 - check skills 0.0 [1, 2, 9]

196.49534 - check target 0.0 [115 115 115 116 115 116 116 115 115]

196.53056 - check skills 0.000496 [1, 2, 9]

196.56379 - check target 0.0 [115 115 115 115 115 115 115 115 115]

196.59603 - check skills 0.0 [1, 2, 9]

196.62978 - check target 0.0 [115 115 115 115 115 115 115 115 115]

196.662 - check skills 0.0 [1, 2, 9]

196.69672 - check target 0.0 [115 115 115 115 115 115 115 115 115]

196.72896 - check skills 0.000499 [1, 2, 9]

196.76419 - check target 0.0 [116 116 116 116 116 116 116 116 116]

196.79889 - check skills 0.0 [1, 2, 9]

196.83014 - check target 0.0 [116 116 116 116 116 116 116 116 116]

196.8649 - check skills 0.0 [1, 2, 9]

196.89611 - check target 0.0 [116 116 116 116 116 116 116 116 116]

196.92934 - check skills 0.0 [1, 2, 9]

196.96307 - check target 0.0 [116 116 116 116 116 116 116 116 116]

196.99531 - check skills 0.0 [1, 2, 9]

197.03449 - check target 0.0 [116 116 116 116 116 116 116 116 116]

197.06227 - check skills 0.000496 [1, 2, 9]

197.09801 - check target 0.0 [116 116 116 116 116 116 116 116 116]

197.12923 - check skills 0.0 [1, 2, 9]

197.16444 - check target 0.000496 [149 148 140 133 132 131 131 131 126]

197.19718 - check target 0.0 [149 146 138 130 132 131 131 131 128]

197.23391 - check target 0.0 [149 144 138 130 132 132 130 123 124]

197.26811 - check target 0.0 [148 145 139 132 133 131 130 124 125]

197.29688 - check target 0.0 [148 144 139 132 131 131 130 127 128]

197.32961 - check target 0.0 [148 145 138 132 130 131 130 125 121]

197.36235 - check target 0.0 [150 147 139 131 130 132 129 126 122]

197.3956 - check target 0.0 [144 147 139 129 129 129 121 123 119]

197.42831 - check target 0.0 [144 144 139 130 126 128 123 124 123]

197.46257 - check target 0.0 [146 144 138 129 124 128 124 123 121]

197.46303 - exiting dungeon

197.82958 - check target 0.000495 [145 146 138 127 126 133 127 120 122]

198.90987 - check target 0.0 [141 141 133 125 124 130 129 118 118]

199.96535 - check target 0.0 [147 144 131 121 125 133 129 124 113]

201.01045 - check target 0.0 [146 147 136 124 128 137 129 120 124]

202.06296 - check target 0.0 [148 149 134  71  96  36  15 102 127]

205.63314 - entering dungeon

215.38323 - moving to boss

247.84643 - check target 0.000495 [116 116 116 116 116 116 116 116 116]

247.84643 - performing combo sequence

247.87967 - check target 0.0 [116 116 116 116 116 116 116 116 116]

247.9129 - check skills 0.0 [1, 2, 3, 4, 6, 7, 8, 9, 10, 11, 12]

248.04732 - check target 0.000497 [116 116 116 116 116 116 116 116 116]

248.07958 - check skills 0.000522 [1, 2, 3, 4, 6, 7, 8, 9, 10, 11, 12]

248.21397 - check target 0.0 [116 116 115 115 115 115 115 115 115]

248.24671 - check skills 0.0 [1, 2, 3, 4, 6, 7, 8, 9, 10, 12]

248.27944 - check target 0.000472 [116 116 116 115 115 115 115 115 115]

248.31218 - check skills 0.0 [1, 2, 3, 4, 6, 7, 8, 9, 10, 12]

248.44662 - check target 0.0 [115 115 115 115 115 115 115 115 115]

248.48082 - check skills 0.0 [1, 2, 3, 4, 6, 7, 8, 9, 10, 12]

248.61325 - check target 0.0 [115 115 115 115 115 115 115 115 115]

248.64701 - check skills 0.0 [1, 2, 3, 4, 6, 7, 8, 9, 10]

248.67922 - check target 0.0 [115 115 115 115 115 115 115 115 115]

248.71295 - check skills 0.0 [1, 2, 3, 4, 6, 7, 8, 9, 10]

248.84687 - check target 0.0 [115 115 115 115 115 115 115 115 115]

248.8801 - check skills 0.0 [1, 2, 3, 6, 7, 8, 9, 10]

248.91482 - check target 0.0 [115 115 115 115 115 115 115 115 115]

248.94706 - check skills 0.0 [1, 2, 3, 6, 7, 8, 9, 10]

249.08101 - check target 0.0 [115 115 115 115 115 115 115 115 115]

249.1152 - check skills 0.000495 [1, 2, 3, 6, 7, 8, 9, 10]

249.24763 - check target 0.0 [115 115 115 115 115 115 115 115 115]

249.27891 - check skills 0.0 [1, 2, 3, 6, 7, 8, 9, 10]

249.41379 - check target 0.0 [115 115 115 115 115 115 115 115 115]

249.44705 - check skills 0.0 [1, 2, 3, 6, 7, 8, 9, 10]

249.58789 - check target 0.0 [115 115 115 115 115 115 115 115 115]

249.61963 - check skills 0.0 [1, 2, 3, 6, 7, 8, 9, 10]

249.74961 - check target 0.0 [115 115 115 115 115 115 115 115 115]

249.78188 - check skills 0.0 [1, 2, 3, 6, 7, 8, 9]

249.8136 - check target 0.0 [115 115 115 115 115 115 115 115 115]

249.84834 - check skills 0.0 [1, 2, 3, 6, 7, 8, 9]

249.97976 - check target 0.0 [115 115 115 115 115 115 115 115 115]

250.01351 - check skills 0.0 [1, 2, 3, 6, 7, 8, 9]

250.14632 - check target 0.0 [115 115 115 115 115 115 115 115 115]

250.17757 - check skills 0.00052 [1, 2, 3, 7, 8, 9]

250.21127 - check target 0.0 [115 115 115 115 115 115 115 115 115]

250.24801 - check skills 0.0 [1, 2, 3, 7, 8, 9]

250.37842 - check target 0.0 [115 115 115 115 115 115 115 115 115]

250.41116 - check skills 0.0 [1, 2, 3, 7, 8, 9]

250.54656 - check target 0.0 [115 115 115 115 115 115 115 115 115]

250.58426 - check skills 0.0 [1, 2, 3, 7, 8, 9]

250.71723 - check target 0.0 [115 115 115 115 115 115 115 115 115]

250.75642 - check skills 0.0 [1, 2, 3, 7, 8, 9]

250.89778 - check target 0.0 [115 115 115 115 115 115 115 115 115]

250.93048 - check skills 0.0 [1, 2, 3, 7, 9]

250.96372 - check target 0.0 [115 115 115 115 115 115 115 115 115]

250.99695 - check skills 0.0 [1, 2, 3, 7, 9]

251.12941 - check target 0.0 [115 115 115 115 115 115 115 115 115]

251.16462 - check skills 0.000496 [1, 2, 3, 7, 9]

251.29689 - check target 0.000496 [115 115 115 115 115 115 115 115 115]

251.32913 - check skills 0.000496 [1, 2, 3, 7, 9]

251.46427 - check target 0.0 [115 115 115 115 115 115 115 115 115]

251.4975 - check skills 0.0 [1, 2, 3, 7, 9]

251.62993 - check target 0.0 [115 115 115 115 115 115 115 115 115]

251.66118 - check skills 0.0 [1, 2, 3, 7, 9]

251.7987 - check target 0.0 [115 115 115 115 115 115 115 115 115]

251.82995 - check skills 0.0 [1, 2, 3, 7]

251.86268 - check target 0.0 [115 115 115 115 115 115 115 115 115]

251.89591 - check skills 0.0 [1, 2, 3, 7]

252.0332 - check target 0.0 [116 116 116 116 116 116 116 116 116]

252.0625 - check skills 0.0 [1, 2, 3]

252.09631 - check target 0.0 [116 115 115 115 115 115 115 115 115]

252.13053 - check skills 0.0 [1, 2, 3]

253.26427 - check target 0.0 [115 115 115 115 115 115 115 115 115]

253.2975 - check skills 0.0 [1, 2]

253.32925 - check target 0.000474 [115 115 115 115 115 115 115 115 115]

253.36301 - check skills 0.000501 [1, 2]

253.49663 - check target 0.0 [115 115 115 115 115 115 115 115 115]

253.53042 - check skills 0.0 [1, 2, 6]

253.6633 - check target 0.0 [115 115 115 115 115 115 115 115 115]

253.69702 - check skills 0.0 [1, 2, 6]

253.831 - check target 0.000524 [115 115 115 115 116 116 116 116 115]

253.86321 - check skills 0.0 [1, 2, 6]

254.00359 - check target 0.0 [115 115 115 115 115 115 115 115 115]

254.03035 - check skills 0.0 [2, 6]

254.06308 - check target 0.0 [115 115 115 115 115 115 115 115 115]

254.09683 - check skills 0.00052 [2, 6]

255.22986 - check target 0.0 [115 115 115 115 115 115 115 115 115]

255.26954 - check skills 0.000496 [6]

255.29533 - check target 0.0 [115 115 115 115 115 115 115 115 115]

255.33005 - check skills 0.000466 [6]

255.46364 - check target 0.0 [115 115 115 115 115 115 115 115 115]

255.49836 - check skills 0.000467 [6]

255.63154 - check target 0.0 [115 115 115 115 115 115 115 115 115]

255.66329 - check skills 0.0 [6]

255.79633 - check target 0.0 [107 100  99  99  97  90  95  98  94]

255.83005 - check target 0.0 [107 100  99  99  96  90  96  98  93]

255.83005 - exiting dungeon

256.1974 - check target 0.0 [111 113 107 100  97 100  94  98  97]

257.26529 - check target 0.0 [118 117 102  99  93  86  95  92  95]

258.33185 - check target 0.0 [116 116 109 100  91  90  95  94  93]

259.38022 - check target 0.0 [117 113 108 100  87  91  95  89  95]

260.43084 - check target 0.0 [115 115 104 102  89  87  98  92  95]

264.03296 - entering dungeon

273.77855 - moving to boss

306.24709 - check target 0.0 [116 116 116 116 116 116 116 115 115]

306.24709 - performing combo sequence

306.28689 - check target 0.0 [115 115 115 116 116 116 116 115 115]

306.31813 - check skills 0.0 [1, 2, 3, 4, 6, 7, 8, 9, 10, 11, 12]

306.44602 - check target 0.0 [116 116 116 116 116 116 116 116 116]

306.48222 - check skills 0.0 [1, 2, 3, 4, 6, 7, 8, 9, 10, 11, 12]

306.61332 - check target 0.0 [115 115 116 115 115 116 115 115 115]

306.64953 - check skills 0.0 [1, 2, 3, 4, 6, 7, 8, 9, 10, 12]

306.68078 - check target 0.0 [116 116 116 116 116 116 116 115 115]

306.71302 - check skills 0.0 [1, 2, 3, 4, 6, 7, 8, 9, 10, 12]

306.85053 - check target 0.0 [115 115 115 115 115 115 115 115 115]

306.88078 - check skills 0.000495 [1, 2, 3, 4, 6, 7, 8, 9, 10, 12]

307.01531 - check target 0.0 [115 115 115 115 115 115 115 115 115]

307.05201 - check skills 0.0 [1, 2, 3, 4, 6, 7, 8, 9, 10]

307.08475 - check target 0.0 [115 115 115 115 115 115 115 115 115]

307.11552 - check skills 0.0 [1, 2, 3, 4, 6, 7, 8, 9, 10]

307.25205 - check target 0.0 [115 115 115 115 115 115 115 115 115]

307.28032 - check skills 0.0 [1, 2, 3, 4, 6, 7, 8, 9, 10]

307.41519 - check target 0.0 [115 115 115 115 115 115 115 115 115]

307.44892 - check skills 0.0 [1, 2, 3, 6, 7, 8, 9, 10]

307.48612 - check target 0.0 [115 115 115 115 115 115 115 115 115]

307.51687 - check skills 0.0 [1, 2, 3, 6, 7, 8, 9, 10]

307.64895 - check target 0.0 [115 115 115 115 115 115 115 115 115]

307.6797 - check skills 0.0 [1, 2, 3, 6, 7, 8, 9, 10]

307.81412 - check target 0.0 [115 115 115 115 115 115 115 115 115]

307.8533 - check skills 0.0 [1, 2, 3, 6, 7, 8, 9, 10]

307.98078 - check target 0.0 [115 115 115 115 115 115 115 115 115]

308.01649 - check skills 0.0 [1, 2, 3, 6, 7, 8, 9, 10]

308.14945 - check target 0.000498 [115 115 115 115 115 115 115 115 115]

308.18268 - check skills 0.000497 [1, 2, 3, 6, 7, 8, 9]

308.2169 - check target 0.0 [115 115 115 115 115 115 115 115 115]

308.24914 - check skills 0.0 [1, 2, 3, 6, 7, 8, 9]

308.38073 - check target 0.0 [115 115 115 115 115 115 115 115 115]

308.41545 - check skills 0.000496 [1, 2, 3, 6, 7, 8, 9]

308.54592 - check target 0.0 [115 115 115 115 115 115 115 115 115]

308.57962 - check skills 0.0 [1, 2, 3, 7, 8, 9]

308.61487 - check target 0.0 [115 115 115 115 115 115 115 115 115]

308.64811 - check skills 0.0 [1, 2, 3, 7, 8, 9]

308.78009 - check target 0.0 [115 115 115 115 115 115 115 115 115]

308.8128 - check skills 0.0 [1, 2, 3, 7, 8, 9]

308.94823 - check target 0.0 [115 115 115 115 115 115 115 115 115]

308.98094 - check skills 0.0 [1, 2, 3, 7, 8, 9]

309.11536 - check target 0.0 [115 115 115 115 115 115 115 115 115]

309.14958 - check skills 0.000496 [1, 2, 3, 7, 8, 9]

309.28107 - check target 0.0 [115 115 115 115 115 115 115 115 115]

309.31527 - check skills 0.000497 [1, 2, 3, 7, 8, 9]

309.44713 - check target 0.0 [115 115 115 115 115 115 115 115 115]

309.48479 - check skills 0.0 [1, 2, 3, 7, 9]

309.51406 - check target 0.0 [115 115 115 115 115 115 115 115 115]

309.54732 - check skills 0.0 [1, 2, 3, 7, 9]

309.68951 - check target 0.0 [115 115 115 115 115 115 115 115 115]

309.71778 - check skills 0.0 [1, 2, 3, 7, 9]

309.84674 - check target 0.0 [115 115 115 115 115 115 115 115 115]

309.88344 - check skills 0.0 [1, 2, 3, 7, 9]

310.01389 - check target 0.0 [115 115 115 115 115 115 115 115 115]

310.04712 - check skills 0.0 [1, 2, 3, 7, 9]

310.18402 - check target 0.0 [115 115 115 115 115 115 115 115 115]

310.21428 - check skills 0.0 [1, 2, 3, 7]

310.2485 - check target 0.0 [115 115 115 115 115 115 115 115 115]

310.28126 - check skills 0.0 [1, 2, 3, 7]

310.41469 - check target 0.0 [115 115 115 115 115 115 115 115 115]

310.4464 - check skills 0.0 [1, 2, 3]

310.49401 - check target 0.0 [115 115 115 115 115 115 115 115 115]

310.53071 - check skills 0.000496 [1, 2, 3]

311.66356 - check target 0.000496 [116 115 115 115 116 116 116 116 116]

311.69729 - check skills 0.000471 [1, 2]

311.73 - check target 0.0 [115 115 115 115 116 116 116 116 116]

311.76723 - check skills 0.000497 [1, 2]

311.89669 - check target 0.000496 [116 116 116 116 116 116 116 116 116]

311.93028 - check skills 0.0 [1, 2]

312.06408 - check target 0.0 [116 116 116 116 116 116 116 116 116]

312.09831 - check skills 0.0 [1, 2]

312.23134 - check target 0.000496 [116 116 116 116 116 116 116 116 116]

312.26457 - check skills 0.0 [1, 2]

312.41238 - check target 0.0 [116 116 116 116 116 116 116 116 115]

312.44809 - check skills 0.0 [2]

312.48085 - check target 0.0 [115 115 115 115 115 115 115 115 115]

312.51753 - check skills 0.000496 [2]

313.64701 - check target 0.0 [115 115 115 115 115 115 115 115 115]

313.68076 - check skills 0.00052 [6]

313.71348 - check target 0.0 [115 115 115 115 115 115 115 115 115]

313.7465 - check skills 0.0 [6]

313.88036 - check target 0.0 [115 115 115 115 115 115 115 115 115]

313.91409 - check skills 0.0 [6]

314.04688 - check target 0.0 [115 115 115 115 115 115 115 115 115]

314.08111 - check skills 0.000496 [6]

314.21499 - check target 0.0 [115 115 115 115 115 115 115 115 115]

314.24727 - check skills 0.0 [0]

314.28094 - check target 0.0 [115 115 115 115 115 115 115 115 115]

314.28094 - clearing monsters

314.3147 - check target 0.000501 [115 115 115 115 115 115 115 115 115]

314.347 - check skills 0.0 [0]

314.38072 - check target 0.0 [115 115 115 115 115 115 115 115 115]

314.41399 - check skills 0.0 [0]

314.44771 - check target 0.0 [115 115 115 115 115 115 115 115 115]

314.48042 - check skills 0.0 [0]

314.51972 - check target 0.0 [115 115 115 115 115 115 115 115 115]

314.55047 - check skills 0.0 [0]

314.58271 - check target 0.0 [115 115 115 115 115 115 115 115 115]

314.61396 - check skills 0.0 [0]

314.64685 - check target 0.0 [115 115 115 115 115 115 115 115 115]

314.68008 - check skills 0.0 [0]

314.71674 - check target 0.0 [115 115 115 115 115 115 115 115 115]

314.75345 - check skills 0.0 [0]

314.78324 - check target 0.0 [115 115 115 115 115 115 115 115 115]

314.81698 - check skills 0.0 [0]

314.84967 - check target 0.000496 [115 115 115 115 115 115 115 115 115]

314.8834 - check skills 0.0 [0]

314.92159 - check target 0.0 [115 115 115 115 115 115 115 115 115]

314.94791 - check skills 0.000526 [0]

314.98215 - check target 0.000469 [115 115 115 115 115 115 115 115 115]

315.01438 - check skills 0.0 [0]

315.0496 - check target 0.0 [115 115 115 115 115 115 115 115 115]

315.08184 - check skills 0.000496 [0]

315.11507 - check target 0.0 [115 115 115 115 115 115 115 115 115]

315.14833 - check skills 0.00052 [0]

315.18156 - check target 0.0 [115 115 115 115 115 115 115 115 115]

315.21378 - check skills 0.0 [0]

315.24753 - check target 0.000523 [115 115 115 115 115 115 115 115 115]

315.28074 - check skills 0.0 [0]

315.32987 - check target 0.0 [115 115 115 115 115 115 115 115 115]

315.36428 - check skills 0.000497 [0]

315.39755 - check target 0.0 [115 115 115 115 115 115 115 115 115]

315.43174 - check skills 0.0 [0]

315.46547 - check target 0.0 [115 115 115 115 115 115 115 115 115]

315.49802 - check skills 0.0005 [0]

315.53419 - check target 0.0 [115 115 115 115 115 115 115 115 115]

315.56348 - check skills 0.0 [0]

315.59768 - check target 0.0 [115 115 115 115 115 115 115 115 115]

315.62995 - check skills 0.0 [0]

315.66315 - check target 0.0 [115 115 115 115 115 115 115 115 115]

315.6971 - check skills 0.0 [0]

315.72983 - check target 0.000495 [115 115 115 115 115 115 115 115 115]

315.76318 - check skills 0.0 [0]

315.79717 - check target 0.000496 [115 115 115 115 115 115 115 115 115]

315.83041 - check skills 0.0 [0]

315.86513 - check target 0.000496 [115 115 115 115 115 115 115 115 115]

315.89636 - check skills 0.0 [0]

315.93406 - check target 0.0 [115 115 115 115 115 115 115 115 115]

315.96431 - check skills 0.000497 [0]

315.99904 - check target 0.0 [115 115 115 115 115 115 115 115 115]

316.03822 - check skills 0.0 [0]

316.0645 - check target 0.0 [115 115 115 115 115 115 115 115 115]

316.09721 - check skills 0.0 [0]

316.13144 - check target 0.0 [115 115 115 115 115 115 115 115 115]

316.16519 - check skills 0.0 [0]

316.19991 - check target 0.0 [115 116 116 116 115 115 115 115 115]

316.23414 - check skills 0.0 [0]

316.26337 - check target 0.0 [112 110 102 106 109 117 110 100  99]

316.29812 - check target 0.0 [105 106 109 117 123 122 114 110 107]

316.3317 - check target 0.0 [107 103  93  93  94 103 106 107 105]

316.364 - check target 0.0 [117 113 110 100  95  96 104 108 110]

316.40614 - check target 0.000495 [ 96  91  90  95  98 101 102  96 100]

316.43094 - check target 0.0 [96 96 92 88 90 93 94 91 85]

316.46369 - check target 0.0 [103 101  94  92  94  98 105 105 101]

316.49693 - check target 0.0 [100  94  92  91  93 100 104  98  92]

316.53564 - check target 0.0 [ 99  94  93  92  92 102 103  98  90]

316.56389 - check target 0.0 [ 99  94  93  91  91 101 105  98  90]

316.56488 - exiting dungeon

316.92996 - check target 0.0 [100  96  90  94  98  98 103  96  99]

317.9905 - check target 0.000496 [ 99  91  95  93  99 104 109 101  91]

319.06235 - check target 0.0 [ 99  94  97  95 101 108 110 102  94]

320.11481 - check target 0.000495 [100  93  95  93 103 106 109 103  96]

